0.000787	
0.000787	
0.000787	
0.000787	
0.000787	
0.000787	
0.000787	
0.000787	
0.000787	
0.000787	
0.000787	
0.000787	
0.000787	
0.000787	
0.000787	
0.000787	
0.000240	
0.000240	
0.000240	
0.000240	
0.000240	
0.000240	
0.000240	
0.000240	
0.000240	
0.000240	
0.000240	
0.000240	
0.000240	
0.000240	
0.000240	
0.000240	
0.010639	
0.010639	
0.010639	
0.010639	
0.010639	
0.010639	
0.010639	
0.010639	
0.010639	
0.010639	
0.010639	
0.010639	
0.010639	
0.010639	
0.010639	
0.010639	
0.190295	
0.190295	
0.190295	
0.190295	
0.190295	
0.190295	
0.190295	
0.190295	
0.190295	
0.190295	
0.190295	
0.190295	
0.190295	
0.190295	
0.190295	
0.190295	
0.223426	
0.223426	
0.223426	
0.223426	
3.996185	
3.996185	
3.996185	
3.996185	
14.272089	
14.272089	
14.272089	
14.272089	
